37649125
37649045
37648923
37648884
37648709
37648706
37648582
37648538
37648526
37648477
37648433
37648432
37648353
37648279
37647906
37647904
37647873
37647866
37647831
37647825
37647717
37648434
37647672
37647652
37647629
37647177
37647095
37647063
37647050
37647020
37646911
37646808
37646374
37646253
37646251
37646218
37646217
37646161
37646160
37646143
37646138
37646117
37646080
37646078
37646046
37646004
37645908
37645628
37645608
37645607
37645566
37645351
37645262
37645255
37645240
37645234
37645003
37644932
37644927
37644821
37644780
37644776
37644765
37644725
37644715
37644604
37644580
37644487
37644429
37644425
37644385
37644379
37644376
37644260
37644124
37644062
37643884
37643845
37643811
37643804
37643520
37643485
37643364
37643335
37643212
37643211
37642978
37642975
37642957
37642720
37642689
37642685
37642641
37642540
37642283
37642239
37642192
37642165
37642037
37642036
37642032
37642019
37642006
37641885
37641873
37641816
37641762
37641727
37641703
37641701
37641689
37641555
37641554
37641553
37641552
37641551
37641550
37641549
37641548
37641547
37641546
37641526
37641505
37641491
37641455
37641147
37641086
37640979
37640884
37640883
37640839
37640838
37640736
37640626
37640554
37640500
37640499
37640498
37640497
37640496
37640467
37640450
37640262
37640230
37640165
37640133
37640037
37640036
37640024
37639939
37639907
37639761
37639760
37639739
37639730
37639602
37639572
37639546
37639543
37639528
37639517
37639516
37639515
37639514
37639513
37639490
37639437
37639244
37639208
37639204
37639201
37639180
37638941
37638882
37638773
37638630
37638535
37638459
37638456
37638445
37638433
37638432
37638425
37638407
37638399
37638398
37638392
37638382
37638366
37638359
37638357
37638274
37638272
37638270
37638202
37638196
37638193
37638183
37638181
37638180
37638175
37638082
37638077
37637999
37637969
37637933
37637893
37637851
37637679
37637650
37637575
37637551
37637543
37637536
37637385
37637267
37637218
37637198
37637153
37637136
37637080
37636871
37636820
37636782
37636590
37636583
37636561
37636560
37636476
37636447
37636433
37636373
37636293
37636231
37636025
37636014
37635945
37635920
37635917
37635777
37635775
37635660
37635643
37635593
37635568
37635564
37635528
37635526
37635518
37635512
37635502
37635455
37635415
37635402
37635375
37635347
37635208
37635167
37635013
37635012
37634970
37634884
37634849
37634673
37634665
37634655
37634638
37634621
37634620
37634550
37634546
37634520
37634486
37634430
37634384
37634296
37634256
37634198
37634190
37634189
37634162
37634150
37634147
37634145
37634142
37634091
37634045
37633905
37633819
37633770
37633682
37633622
37633621
37633406
37633364
37633302
37633250
37633206
37633205
37633204
37633124
37633070
37633067
37632967
37632766
37632702
37632670
37632638
37632565
37632398
37632340
37632337
37632149
37632147
37631714
37631594
37631097
37631018
37630986
37630972
37630831
37630735
37630576
37629726
37629723
37629655
37629651
37629642
37629627
37629455
37629438
37629422
37629419
37629384
37629365
37629338
37629322
37629262
37629248
37629223
37629193
37629047
37629042
37628963
37628930
37628924
37628790
37628789
37628589
37628586
37628473
37628450
37628429
37628370
37628302
37627968
37627929
37627875
37627861
37627852
37627830
37627820
37627321
37627316
37627301
37627275
37626883
37626850
37626762
37626703
37626642
37626586
37626573
37626544
37626542
37626536
37626511
37626499
37626339
37626329
37626263
37626208
37626057
37625819
37625636
37625570
37625531
37625457
37625345
37625316
37625313
37625237
37625190
37624928
37624796
37624771
37624681
37624589
37624543
37624487
37624387
37624382
37624266
37624137
37624118
37623843
37623522
37623487
37623481
37623369
37623343
37623340
37623335
37623273
37622919
37622912
37622718
37622702
37622677
37622648
37622640
37622626
37622590
37622580
37622552
37622547
37622533
37622532
37622531
37622482
37622385
37622327
37622115
37622110
37622064
37622049
37622048
37622047
37622040
37621825
37621770
37621765
37621763
37621761
37621715
37621684
37621577
37621571
37621570
37621566
37621409
37621391
37621214
37621078
37620982
37620930
37620877
37620837
37620818
37620764
37620738
37620721
37620654
37620599
37620422
37620281
37620264
37620258
37620184
37620153
37620152
37620144
37620130
37620129
37620128
37620105
37620101
37620093
37620077
37619963
37619876
37619873
37619863
37619843
37619837
37619773
37619716
37619620
37619568
37619536
37619494
37619492
37619435
37619323
37616553
37616369
37616328
37616313
37616239
37615865
37615863
37615632
37615600
37615492
37615388
37615293
37615292
37615127
37615094
37615093
37615052
37614971
37614703
37614666
37614611
37614584
37614548
37614540
37614537
37614535
37614354
37614341
37614328
37614226
37614133
37614115
37614046
37612871
37612843
37612731
37612651
37612640
37612538
37612496
37612482
37612386
37612359
37612355
37612344
37612316
37612247
37612201
37612191
37612179
37612092
37612083
37612081
37612075
37612055
37612054
37612053
37612052
37612051
37611989
37611941
37611936
37611902
37611898
37611801
37611742
37611574
37611514
37611509
37611473
37611417
37611403
37611391
37611351
37611209
37611201
37611115
37611053
37610932
37610768
37610752
37610702
37610641
37610472
37610280
37610112
37610105
37609983
37609982
37609981
37609948
37609850
37609846
37609700
37609687
37609682
37609625
37609610
37609425
37609325
37609322
37609315
37609269
37609263
37609182
37609123
37609119
37609094
37609048
37609032
37608675
37608602
37608547
37608533
37608387
37608374
37608319
37608315
37608259
37608231
37608206
37608073
37608062
37607993
37607977
37607967
37607929
37607851
37607843
37607823
37607695
37607694
37607302
37607233
37607172
37607113
37607043
37607036
37607033
37607027
37606960
37606894
37606811
37606742
37606717
37606685
37606673
37606672
37606627
37606564
37606555
37606474
37606415
37606397
37606393
37606274
37606227
37606135
37606130
37606114
37606096
37606086
37606057
37606053
37606030
37606023
37606021
37605953
37605862
37605843
37605804
37605774
37605701
37605668
37605591
37605512
37605496
37605287
37605111
37605095
37605063
37604889
37604750
37604707
37604674
37604668
37604661
37604660
37604652
37604650
37604649
37604593
37604592
37604388
37604287
37604129
37604081
37604080
37603950
37603845
37603735
37603538
37603533
37603499
37603484
37603405
37603383
37603365
37603325
37603281
37603226
37603215
37603189
37603074
37603049
37603041
37602777
37602757
37602714
37602671
37602644
37602422
37602387
37602377
37602376
37602269
37602260
37602252
37602245
37602236
37602138
37602132
37602106
37602093
37602090
37602070
37602017
37601974
37601959
37601877
37601803
37601736
37601733
37601481
37601429
37601338
37601272
37601092
37601052
37601043
37601033
37601015
37601011
37600830
37600690
37600521
37600520
37600474
37600451
37600446
37600392
37600369
37600234
37600161
37600156
37600117
37600060
37600059
37600058
37600038
37600026
37600022
37600008
37599873
37599828
37599698
37599440
37599401
37599183
37599144
37598910
37598879
37598810
37598808
37598751
37598724
37598670
37598647
37598598
37598594
37598548
37598538
37598468
37598463
37598445
37598428
37598361
37598348
37598332
37598141
37598109
37598089
37598021
37597873
37597862
37597844
37597795
37597794
37597736
37597675
37597662
37597611
37597502
37597485
37597443
37597330
37597297
37597183
37597109
37597072
37597035
37596995
37596920
37596895
37596887
37596862
37596725
37596720
37596522
37596427
37596423
37596346
37596186
37596114
37596048
37596008
37596007
37596006
37596001
37595999
37595965
37595895
37595833
37595782
37595697
37595628
37595625
37595604
37595603
37595568
37595468
37595413
37595350
37595307
37595296
37595268
37595123
37595007
37594650
37594402
37594376
37594309
37594257
37593943
37593875
37593863
37593862
37593847
37593806
37593765
37593693
37593674
37593645
37593547
37593487
37593415
37593414
37593290
37593275
37593137
37593133
37593075
37593071
37592943
37592932
37592905
37592867
37592866
37592860
37592813
37592753
37592399
37592323
37592261
37592190
37592185
37592138
37592133
37592121
37592069
37592008
37591892
37591777
37591776
37591775
37591774
37591639
37591634
37591605
37591603
37591497
37591455
37591340
37591334
37591333
37591309
37591226
37591215
37591154
37591040
37590951
37590829
37590556
37590555
37590538
37590258
37590138
37590087
37589832
37589719
37589652
37589647
37589500
37589418
37589315
37589313
37589143
37589105
37588881
37588614
37588590
37588585
37588321
37588309
37588307
37588304
37588128
37588009
37587891
37587802
37587778
37587766
37587709
37587685
37587600
37587599
37587597
37587585
37587580
37587578
37587544
37587538
37587533
37587516
37587512
37587506
37587427
37587353
37587306
37587304
37587291
37587160
37587075
37587045
37587029
37587022
37586923
37586922
37586919
37586845
37586821
37586820
37586818
37586817
37586776
37586775
37586651
37586604
37586479
37586470
37586338
37586303
37586218
30725804
30570990
37586072
37586071
37586066
37586040
37586004
37585903
37585883
37585730
37585729
37585623
37585386
