37649132
37649117
37649089
37649088
37649078
37649051
37649039
37649030
37649029
37649027
37649021
37649003
37648997
37648977
37648970
37648965
37648960
37648956
37648950
37648949
37648942
37648933
37648906
37648897
37648892
37648890
37648881
37648878
37648875
37648873
37648867
37648862
37648854
37648838
37648814
37648811
37648810
37648809
37648808
37648807
37648804
37648780
37648741
37648713
37648673
37648672
37648640
37648633
37648602
37648597
37648596
37648593
37648580
37648569
37648568
37648557
37648468
37648466
37648454
37648432
37648423
37648422
37648408
37648407
37648387
37648373
37648371
37648355
37648338
37648337
37648336
37648335
37648334
37648333
37648330
37648329
37648327
37648326
37648325
37648324
37648323
37648322
37648321
37648320
37648318
37648316
37648314
37648313
37648312
37648311
37648310
37648309
37648307
37648306
37648305
37648304
37648303
37648302
37648301
37648300
37648299
37648297
37648296
37648295
37648293
37648291
37648285
37648284
37648282
37648280
37648278
37648277
37648266
37648265
37648263
37648262
37648261
37648259
37648257
37648247
37648234
37648192
37648188
37648153
37648151
37648148
37648139
37648126
37648104
37648099
37648086
37648084
37648080
37648079
37648054
37648048
37648047
37648039
37648032
37648025
37648024
37648000
37647999
37647997
37647996
37647992
37647991
37647987
37647982
37647972
37647930
37647921
37647919
37647899
37647887
37647883
37647867
37647865
37647863
37647861
37647850
37647819
37647818
37647807
37647805
37647787
37647784
37647782
37647772
37647771
37647760
37647758
37647754
37647750
37647747
37647746
37647728
37647727
37647700
37647693
37647692
37647690
37649123
37649111
37649096
37649087
37649086
37649085
37649081
37649067
37649059
37649058
37649037
37649034
37649020
37648998
37648959
37648934
37648888
37648874
37648857
37648856
37648788
37648786
37648781
37648771
37648766
37648762
37648756
37648743
37648722
37648705
37648694
37648688
37648653
37648642
37648622
37648621
37648594
37648590
37648571
37648560
37648559
37648553
37648547
37648546
37648431
37648426
37648425
37647654
37647649
37647647
37647644
37647641
37647637
37647636
37647635
37647633
37647625
37647601
37647600
37647596
37647578
37647576
37647568
37647566
37647563
37647549
37647546
37647496
37647495
37647493
37647492
37647451
37647439
37647437
37647411
37647408
37647403
37647391
37647388
37647364
37647361
37647349
37647347
37647346
37647339
37647335
37647312
37647290
37647288
37647278
37647263
37647260
37647245
37647221
37647220
37647218
37647215
37647212
37647211
37647209
37647197
37647173
37647155
37647145
37647143
37647141
37647140
37647139
37647138
37647136
37647135
37647134
37647129
37647123
37647117
37647111
37647070
37647069
37647068
37647065
37647056
37647047
37647038
37647033
37647025
37647018
37646984
37646983
37646980
37646973
37646971
37646967
37646965
37646958
37646951
37646913
37646901
37646893
37646892
37646890
37646879
37646877
37646869
37646867
37646865
37646853
37646851
37646847
37646844
37646829
37646828
37646827
37646826
37646821
37646820
37646819
37646818
37646815
37646814
37646809
37646807
37646802
37646788
37646785
37646780
37646774
37646773
37646771
37646769
37646727
37646721
37646702
37646700
37646696
37646695
37646694
37646693
37646679
37646678
37646672
37646671
37646670
37646669
37646666
37646665
37646664
37646663
37646662
37646661
37646660
37646659
37646658
37646657
37646654
37646653
37646644
37646643
37646618
37646615
37646585
37646579
37646576
37646571
37646569
37646561
37646560
37646515
37646491
37646470
37646466
37646459
37646456
37646434
37646429
37646420
37646418
37646411
37646399
37646398
37646388
37646331
37646326
37646317
37646304
37646290
37646283
37646261
37646244
37646241
37646237
37646236
37646233
37646232
37646231
37646229
37646212
37646204
37646197
37646181
37646177
37646174
37646160
37646153
37646150
37646148
37646142
37646140
37646139
37646133
37646115
37646086
37646070
37646068
37646066
37646065
37646060
37646057
37646055
37646053
37646052
37646049
37646048
37646042
37646041
37646032
37646030
37646027
37646020
37646013
37645997
37645990
37645980
37645976
37645972
37645968
37645965
37645964
37645963
37645961
37645960
37645947
37645943
37645938
37645935
37645931
37645926
37645906
37645899
37645893
37645881
37645838
37645831
37645827
37645825
37645796
37645794
37645774
37645769
37645765
37645761
37645755
37645752
37645750
37645745
37645737
37645727
37645713
37645696
37645680
37645679
37645669
37645658
37645627
37645623
37645622
37645618
37645612
37645610
37645609
37645595
37645585
37645562
37645539
37645522
37645511
37645471
37645444
37645442
37645435
37645433
37645432
37645431
37645429
37645428
37645427
37645426
37645425
37645420
37645415
37645407
37645399
37645365
37645353
37645256
37645250
37645249
37645247
37645246
37645223
37645164
37645112
37645072
37645049
37645031
37645026
37645023
37645011
37645006
37644992
37644987
37644968
37644967
37644958
37644921
37644918
37644916
37644904
37644890
37644881
37644877
37644874
37644850
37644826
37644825
37644823
37644818
37644786
37644774
37644759
37644752
37644748
37644745
37644744
37644735
37644732
37644720
37644709
37644698
37644688
37644680
37644678
37644675
37644672
37644665
37644664
37644661
37644659
37644658
37644650
37644639
37644623
37644614
37644609
37644606
37644602
37644594
37644593
37644582
37644572
37644560
37644548
37644546
37644544
37644538
37644520
37644519
37644505
37644495
37644494
37644491
37644484
37644477
37644468
37644453
37644452
37644433
37644431
37644421
37644412
37644408
37644406
37644405
37644404
37644400
37644396
37644395
37644393
37644388
37644384
37644370
37644368
37644355
37644354
37644353
37644352
37644332
37644323
37644319
37644300
37644299
37644281
37644279
37644270
37644261
37644257
37644250
37644249
37644248
37644247
37644245
37644244
37644236
37644235
37644234
37644220
37644211
37644184
37644157
37644156
37644155
37644154
37644153
37644151
37644143
37644136
37644134
37644132
37644124
37644118
37644107
37644092
37644076
37644061
37644058
37644057
37644044
37644036
37644015
37644011
37644009
37644007
37644005
37643983
37643980
37643979
37643977
37643976
37643975
37643974
37643943
37643942
37643937
37643936
37643928
37643927
37643918
37643916
37643913
37643912
37643909
37643897
37643879
37643867
37643866
37643858
37643855
37643843
37643836
37643829
37643825
37643822
37643818
37643814
37643812
37643785
37643784
37643783
37643782
37643781
37643780
37643779
37643778
37643768
37643767
37643759
37643747
37643740
37643727
37643716
37643692
37643677
37643668
37643654
37643638
37643636
37643630
37643625
37643616
37643604
37643603
37643591
37643581
37643567
37643561
37643559
37643557
37643553
37643546
37643544
37643543
37643542
37643541
37643536
37643526
37643511
37643508
37643504
37643500
37643489
37643488
37643486
37643483
37643479
37643478
37643471
37643459
37643458
37643454
37643447
37643427
37643419
37643416
37643406
37643386
37643383
37643382
37643378
37643374
37643373
37643369
37643367
37643366
37643353
37643334
37643326
37643298
37643290
37643286
37643281
37643248
37643243
37643242
37643240
37643237
37643229
37643223
37643222
37643221
37643215
37643213
37643201
37643197
37643186
37643174
37643150
37643135
37643133
37643132
37643131
37643124
37643107
37643088
37643087
37643085
37643058
37643055
37643025
37643024
37643018
37643015
37643007
37643005
37642993
37642992
37642988
37642982
37642981
37642959
37642945
37642942
37642941
37642933
37642932
37642930
37642925
37642919
37642916
37642903
37642901
37642882
37642864
37642856
37642855
37642832
37642816
37642813
37642811
37642791
37642787
37642765
37642753
37642751
37642739
37642735
37642731
37642726
37642725
37642724
37642723
37642722
37642721
37642715
37642709
37642707
37642706
37642704
37642703
37642702
37642678
37642661
37642651
37642650
37642641
37642636
37642627
37642578
37642576
37642573
37642572
37642571
37642562
37642516
37642507
37642472
37642471
37642440
37642437
37642430
37642413
37642406
37642393
37642390
37642383
37642377
37642371
37642360
37642355
37642347
37642339
37642334
37642313
37642311
37642305
37642304
37642275
37642261
37642254
37642235
37642232
37642226
37642216
37642204
37642201
37642188
37642183
37642181
37642180
37642164
37642163
37642143
37642134
37642118
37642095
37642088
37642083
37642082
37642081
37642080
37642079
37642078
37642077
37642076
37642075
37642074
37642073
37642072
37642071
37642070
37642069
37642068
37642067
37642066
37642065
37642064
37642063
37642062
37642061
37642060
37642059
37642058
37642057
37642056
37642055
37642054
37642053
37642052
37642051
37642050
37642049
37642048
37642047
37642046
37642045
37642044
37642043
37642042
37642041
37642040
37642039
37642010
37642002
37641996
37641981
37641975
37641970
37641957
37641956
37641952
37641913
37641890
37641880
37641866
37641858
37641849
37641831
37641821
37641819
37641812
37641811
37641809
37641808
37641805
37641782
37641765
37641763
37641757
37641746
37641739
37641714
37641701
37641689
37641687
37641686
37641660
37641573
37641560
37641544
37641538
